109.184942
289.706381
168.485641
152.891415
438.582507
313.798242
381.916379
165.241920
401.622364
39.406873
22.716178
327.032014
83.890011
245.070956
386.134739
82.047334
396.947142
217.796289
290.741935
210.836756
54.970641
398.134983
431.638203
312.458113
447.125828
301.097476
448.359355
178.125431
331.631092
24.634999
200.237556
19.579058
452.714774
433.754997
25.244148
253.918851
6.588946
351.352306
496.862880
299.330943
67.427747
315.321116
447.080142
77.295969
390.611988
254.786889
257.375774
182.419935
212.892636
145.886196
203.252846
423.810633
445.465896
481.360027
355.509751
183.973266
413.820582
136.840327
306.808252
299.193884
13.761681
444.719687
236.527635
426.399518
437.486038
83.920469
85.900204
83.417920
366.779015
75.651265
351.778710
321.686728
248.771538
499.771569
273.503006
246.213111
73.884732
237.212928
414.170843
312.031709
277.340648
315.762749
420.612598
124.824854
166.231788
208.247871
460.466201
179.922422
499.436537
135.332682
114.606372
257.360546
130.962035
219.410535
229.522416
414.444960
330.671682
60.483444
10.426588
287.193640
205.461013
59.417432
349.342112
147.134953
327.854366
75.849239
179.450331
423.094882
490.542955
238.766259
343.022187
140.129734
210.318979
495.111576
267.487655
466.512009
375.307108
221.710074
439.587603
347.682180
187.506333
473.593371
463.511948
398.256813
270.106998
213.821589
203.679250
34.990539
103.169591
76.534532
285.274819
29.614795
158.236702
17.705924
471.126316
454.648824
388.586566
413.546464
171.881649
212.877407
455.516861
446.212104
107.403180
100.062929
333.565142
342.413038
394.099368
122.022767
187.795679
306.975768
63.986053
1.730979
162.378918
221.451186
276.655354
85.093081
470.303964
435.399701
261.472304
103.458937
427.587359
235.019990
227.375164
486.720542
314.879482
304.889431
277.706137
192.212012
218.649098
278.574175
86.204779
234.045351
234.060579
188.633259
347.773553
391.251595
173.526353
405.079287
281.086917
275.162938
169.140477
389.576434
180.714316
218.664327
313.052034
335.636250
301.691397
193.704428
224.877651
33.863613
84.301187
203.298532
183.227058
30.711264
479.106174
355.052889
219.380078
417.719138
405.642750
69.970946
307.432630
323.605548
85.306284
122.738517
44.615101
432.521470
285.518479
480.217872
457.420454
123.286752
235.583453
129.286874
338.940886
36.437269
217.781060
344.149113
232.263588
166.673421
116.738395
118.459243
477.385327
295.386700
429.612781
183.089999
448.146153
346.265908
14.309915
342.793756
366.992218
492.248573
72.422773
65.173894
348.991852
94.078036
160.521012
29.630024
58.823511
288.609912
218.009491
98.555284
119.098849
325.097964
393.170415
400.404065
171.013611
451.816279
180.211768
487.954070
214.445967
452.973663
126.393414
267.381054
128.555895
151.414228
136.703269
156.500626
8.066134
458.136204
130.352886
175.719291
208.126041
305.924986
70.549638
420.110050
240.167302
24.299966
131.677786
121.017670
401.561449
6.055940
21.604480
241.004883
291.214026
232.415876
218.907987
323.057314
90.423139
485.304270
150.942137
26.904080
257.802179
326.742668
64.701804
66.026704
28.411725
170.739494
118.946562
3.269082
346.509568
32.630085
456.019410
94.199866
144.454695
275.513199
272.452223
145.155217
80.494003
439.465773
146.084170
79.793481
